0 0.5111979166666667 0.7537037037037037 0.0265625 0.12222222222222222
0 0.26573437499999997 0.544425925925926 0.024635416666666667 0.05589814814814815
4 0.26488541666666665 0.5356574074074074 0.010651041666666666 0.033101851851851855
1 0.5113802083333333 0.7359907407407408 0.025802083333333333 0.08046296296296297
0 0.5363385416666666 0.4981388888888889 0.015270833333333334 0.05862962962962963
0 0.29530208333333335 0.5188981481481482 0.017359375 0.06305555555555555
0 0.30976041666666665 0.5104537037037037 0.010624999999999999 0.052972222222222226
2 0.296984375 0.5065092592592593 0.015000000000000001 0.03812962962962963
1 0.31024999999999997 0.5037777777777778 0.007427083333333333 0.030314814814814815
0 0.6333541666666667 0.4791944444444444 0.011286458333333334 0.04697222222222222
