0 0.13534895833333332 0.8206203703703704 0.05491666666666666 0.1244537037037037
4 0.12736979166666668 0.8162499999999999 0.030385416666666668 0.09357407407407407
2 0.14672395833333332 0.7956851851851852 0.031588541666666664 0.0699537037037037
0 0.09369791666666667 0.8245277777777777 0.03548958333333333 0.12933333333333333
4 0.08647395833333334 0.8017592592592593 0.02168229166666667 0.0764537037037037
1 0.09949479166666667 0.8101759259259259 0.020395833333333332 0.09949999999999999
0 0.134859375 0.7504259259259259 0.046947916666666666 0.10089814814814815
2 0.13653125 0.7379907407407407 0.03631770833333334 0.057388888888888885
0 0.53021875 0.6006018518518518 0.01671875 0.07831481481481481
1 0.5300208333333333 0.590462962962963 0.015375 0.05410185185185185
0 0.5385729166666666 0.42177777777777775 0.011843749999999998 0.04089814814814815
0 0.5543333333333333 0.3886574074074074 0.007182291666666666 0.02946296296296296
0 0.6609583333333333 0.5155462962962962 0.01768229166666667 0.055092592592592596
1 0.66096875 0.5033240740740741 0.017479166666666667 0.030083333333333333
0 0.19524479166666667 0.6029444444444444 0.019151041666666667 0.06523148148148149
0 0.212625 0.5931203703703705 0.014838541666666667 0.04866666666666667
1 0.19718750000000002 0.5908333333333333 0.013770833333333335 0.0357037037037037
